#, trajectory num :0
41.14751897073433, -8.62128847478955, 515, 0.8522360324859619
41.1473468379417, -8.620609159920807, 144, 0.13144591450691223
41.14622787213449, -8.620216465729817, 145, 0.8345907926559448
41.1460926936989, -8.619767698752396, 146, 0.1671612560749054
41.1461600162811, -8.61925806461909, 146, 0.37171703577041626
41.14497199875329, -8.617348535105839, 147, 0.9812129735946655
41.144952314752366, -8.616652395812265, 148, 0.16460394859313965
41.1450653680447, -8.616418372715437, 148, 0.3472622036933899
41.14516094073228, -8.616220488934944, 148, 0.5017027258872986
41.14584867083472, -8.614573919330756, 149, 0.7155015468597412
41.1459623986482, -8.614168178346908, 2139, 0.007101237773895264
41.1460915, -8.6122068, 2, 1.0
41.1460915, -8.6122068, 2, 1.0
41.14676177228906, -8.609278625711823, 115, 0.5376689434051514
41.147205164206994, -8.608767970741484, 115, 0.8878568410873413
41.14755032024195, -8.60939704010491, 5, 0.3232092559337616
41.1478426, -8.6109422, 5, 1.0
41.1478426, -8.6109422, 5, 1.0
41.14786918233757, -8.611133115092242, 349, 0.5568395853042603
41.14805067113538, -8.612364824525924, 116, 0.013713955879211426
#, trajectory num :1
41.14124392028382, -8.614127008101821, 2071, 0.7836357355117798
41.141232043649836, -8.614163461878396, 2071, 0.825512707233429
41.14084558870259, -8.615112112984555, 931, 0.7011088132858276
41.14089390449012, -8.61738374675629, 869, 0.9686959981918335
41.14152188437202, -8.618754104640555, 192, 0.20112237334251404
41.14401998619717, -8.622769311892425, 192, 0.887029767036438
41.14478302163766, -8.625804484003762, 194, 0.7129886746406555
41.14468983184442, -8.628341763504837, 195, 0.2941911816596985
41.14506774841298, -8.629832814443413, 195, 0.5859375
41.1452063041797, -8.63011662550907, 195, 0.6482157111167908
41.14601865413585, -8.631306120500014, 195, 0.9441559910774231
41.14655984028856, -8.632163462426597, 197, 0.3332396149635315
41.14733031175364, -8.632544687757829, 870, 0.11495301127433777
41.1485138, -8.6314991, 463, 0.0
41.15041538949324, -8.62985279574594, 463, 0.7519142627716064
41.15218950615481, -8.628817105886249, 466, 0.7108169794082642
41.15223351624954, -8.628805813459183, 466, 0.7549009919166565
41.15496462838519, -8.628741164077736, 3755, 0.3635481595993042
41.15514985331181, -8.630314548766137, 2405, 0.9518114328384399
41.15513582555957, -8.6303316689734, 372, 0.08738318085670471
#, trajectory num :2
41.16380411049944, -8.663912309069566, 3508, 0.6684383153915405
41.1639161606819, -8.664578333140957, 1985, 0.01785901188850403
41.16412610371528, -8.665826894766738, 1985, 0.32912081480026245
41.164292317682595, -8.666815298909516, 1985, 0.575526773929596
41.16373354569629, -8.663492796136286, 3508, 0.37503644824028015
41.16387387153537, -8.664327137071595, 3508, 0.9585602283477783
41.16384389136511, -8.664525504888708, 5601, 0.43070971965789795
41.16357837526598, -8.663458790717034, 764, 0.8561305999755859
41.16356982902207, -8.663407810514293, 764, 0.9008413553237915
41.16355691496785, -8.663330775373444, 764, 0.9684028625488281
41.16366224765783, -8.663072534379124, 3508, 0.08098810911178589
41.16535851546593, -8.66151695263492, 1167, 0.39266443252563477
41.165556560876695, -8.661347550189294, 1167, 0.5169374346733093
41.165973153659394, -8.660996700535756, 1167, 0.7771657109260559
41.16652177827809, -8.660537549247142, 1168, 0.8154201507568359
41.16852225083633, -8.65886368010912, 1169, 0.28738272190093994
41.16904496721434, -8.658423403120063, 1169, 0.945859968662262
41.16951365437236, -8.659296360598779, 3024, 0.9138514995574951
41.17006963318391, -8.659195349477848, 3120, 0.6970416307449341
41.169880368027194, -8.660077106231531, 1083, 0.35626423358917236
#, trajectory num :3
41.14868922487318, -8.586091459768888, 438, 0.9165804386138916
41.1488082674142, -8.586087905569148, 438, 0.9877410531044006
41.148988, -8.5861596, 522, 0.0
41.14914966743065, -8.587225405225894, 440, 0.4852908253669739
41.14945741279541, -8.588378880212336, 441, 0.18952903151512146
41.15001952908309, -8.59046534546672, 857, 0.21135306358337402
41.15044284360106, -8.59203286813994, 442, 0.4657348692417145
41.15069692308179, -8.592982319474325, 443, 0.062229692935943604
41.15084268944292, -8.59346078802754, 443, 0.734840989112854
41.15092806231755, -8.593772785802788, 573, 0.6811457872390747
41.1509299464683, -8.59376449553948, 3546, 0.346587598323822
41.15093636553657, -8.593736251639083, 573, 0.5589281916618347
41.150835005314384, -8.594142815381886, 3217, 0.10858771204948425
41.15058344002232, -8.59463082234302, 901, 0.5377307534217834
41.150647352745715, -8.59451315551224, 901, 0.6549195051193237
41.15076277874727, -8.594297209389474, 901, 0.8688576221466064
41.15083062266568, -8.594156468135692, 3217, 0.02661079168319702
41.15176677894477, -8.594475867535987, 792, 0.31206220388412476
41.153186282635765, -8.594936676965068, 793, 0.12002164125442505
41.153795522369826, -8.59513988075856, 793, 0.46751275658607483
#, trajectory num :4
41.147229386541916, -8.613479859965018, 2798, 0.7992787957191467
41.147229386541916, -8.613479859965018, 2798, 0.7992787957191467
41.14752772049385, -8.613375241401352, 2798, 0.9873422980308533
41.14665619288453, -8.60966109339607, 115, 0.36761710047721863
41.14779679420599, -8.610682838122473, 5, 0.8868231773376465
41.14780715365589, -8.610736895036942, 5, 0.9105179905891418
41.147954842956786, -8.612164815638868, 1665, 0.04404422640800476
41.1474856209872, -8.621023976795028, 515, 0.7803506851196289
41.14766572039819, -8.622257496467176, 117, 0.5083667635917664
41.1484594340785, -8.624752567219872, 119, 0.5094373822212219
41.14962758342019, -8.625677821340172, 120, 0.3921694755554199
41.15146303678687, -8.625826982241147, 121, 0.4142927825450897
41.15254972691927, -8.626179265427645, 92, 0.710579514503479
41.15350440012926, -8.626479571437898, 1288, 0.5439797043800354
41.15522710789634, -8.627128053000453, 1290, 0.3949957489967346
41.155805019134476, -8.627574511118642, 1291, 0.13911786675453186
41.1571772106492, -8.62829929698889, 306, 0.3422897458076477
41.15719019218047, -8.628283774880163, 306, 0.3678465485572815
41.15763885623409, -8.62797379481905, 307, 0.24750208854675293
41.15790594129774, -8.627910508343117, 308, 0.05584752559661865
#, trajectory num :5
41.15541627198025, -8.595166249356843, 4820, 0.06474590301513672
41.155611089862326, -8.595059656502302, 930, 0.5150616765022278
41.15448850718452, -8.595692817423844, 2752, 0.0859246551990509
41.15576865055916, -8.59497164866651, 330, 0.008817285299301147
41.15512348384289, -8.595334392833514, 692, 0.3482509255409241
41.155410420379944, -8.595169718889766, 692, 0.9234616756439209
41.1554229220665, -8.59516230638535, 692, 0.9486556649208069
41.156209173323674, -8.594715070699888, 330, 0.7611247301101685
41.1569422874869, -8.594294292771407, 331, 0.3113364279270172
41.1577934, -8.5938218, 332, 0.0
41.15828836527868, -8.593517000221548, 332, 0.5784350633621216
41.15865078869657, -8.593307848652616, 332, 0.9973238706588745
41.15979086288811, -8.592647633646195, 694, 0.8706623315811157
41.160849612212104, -8.592047645089888, 861, 0.44758132100105286
41.161813397923666, -8.592708879523528, 2617, 0.9167036414146423
41.162909904375425, -8.592570857763189, 3426, 0.9605284333229065
41.16293903151073, -8.592509425506652, 3091, 0.047023773193359375
41.16296451845178, -8.591727273901954, 3091, 0.9291614294052124
41.16276585722152, -8.591304820771777, 241, 0.470207542181015
41.162754048222666, -8.59128106484327, 241, 0.5011186003684998
#, trajectory num :6
41.14671147715379, -8.605389890739925, 347, 0.31523436307907104
41.14724132757701, -8.607921545295143, 347, 0.9528032541275024
41.1472781, -8.60811, 348, 0.0
41.14736433418311, -8.608515925021445, 348, 0.7322174310684204
41.14737525221229, -8.608567022775716, 348, 0.8244287967681885
41.14761971981788, -8.609758841661066, 5, 0.48180702328681946
41.14763756803319, -8.609851975896689, 5, 0.5226306319236755
41.146432435482225, -8.610013510374198, 115, 0.17943280935287476
41.14679465106118, -8.609037412484374, 115, 0.6378500461578369
41.14821533758551, -8.608170137665985, 1876, 0.8824682235717773
41.14856372424625, -8.607966664536091, 1878, 0.5975641012191772
41.1473966, -8.6086641, 348, 1.0
41.14762324231146, -8.608527314848306, 945, 0.6019846200942993
41.171494985149224, -8.605717001580887, 1283, 0.8011829853057861
41.173207128176294, -8.60569565242031, 582, 0.9003511667251587
41.1725532067577, -8.605320553772039, 711, 0.030851423740386963
41.16898964330377, -8.606450982675621, 1210, 0.7029276490211487
41.16898964330377, -8.606450982675621, 1210, 0.7029276490211487
41.16786908053928, -8.606508751620582, 1211, 0.0969647467136383
41.16671805944867, -8.606535812461592, 1211, 0.8292691707611084
#, trajectory num :7
41.15945951895479, -8.571773900124382, 3197, 0.845395565032959
41.159557544158005, -8.572012521124853, 4730, 0.0830363929271698
41.161947392814575, -8.5745067612869, 4731, 0.42649659514427185
41.16539706172731, -8.577102798998355, 4733, 0.7078744173049927
41.165609666596715, -8.577149606742019, 3012, 0.0716906189918518
41.16506140509444, -8.578516086954988, 4734, 0.8019053339958191
41.16501657051118, -8.578570197658923, 4734, 0.8683673143386841
41.16485749531671, -8.576706137344598, 1184, 0.8598979711532593
41.16476849376812, -8.576671834152485, 1184, 0.9778719544410706
41.164334585440635, -8.576473592871263, 5430, 0.493391752243042
41.16229672849233, -8.574979360915878, 1186, 0.3959712088108063
41.16019563783526, -8.573454508025247, 1187, 0.3765849471092224
41.15906809317005, -8.57185632278967, 6355, 0.3896086812019348
41.15996552731599, -8.570833454925621, 1189, 0.5958958268165588
41.16115111659335, -8.569605012649506, 2907, 0.9363672733306885
41.16203826924366, -8.567514347465075, 5098, 0.7299963235855103
41.16203906286645, -8.567458994556278, 5098, 0.7507765293121338
41.16203906286645, -8.567458994556278, 5098, 0.7507765293121338
41.16204613554335, -8.566917111651932, 5098, 0.9542034864425659
41.16204611751266, -8.566904778660914, 5098, 0.9588326215744019
#, trajectory num :8
41.178995624386154, -8.623634626518076, 1637, 0.8798102140426636
41.17894369449031, -8.623674070018238, 1637, 0.8975807428359985
41.178756175904624, -8.62381650029358, 1637, 0.9617500305175781
41.17549691075805, -8.627735584749704, 1009, 0.6974561214447021
41.175448082953366, -8.62772192367896, 1009, 0.8045728802680969
41.17491411661845, -8.62758791461924, 918, 0.11134600639343262
41.171843828673445, -8.626202466762543, 1596, 0.8635600209236145
41.17075566083277, -8.625972300219185, 1597, 0.5069618821144104
41.17054257910323, -8.625927513409744, 1597, 0.6326987743377686
41.168756125776355, -8.62438209431833, 3532, 0.6171454787254333
41.16932210989791, -8.622936151004842, 3533, 0.1412518322467804
41.17107948408233, -8.623065814155858, 3534, 0.16308340430259705
41.17359513956911, -8.619725832389868, 714, 0.958198070526123
41.17417760507384, -8.614030037273526, 2078, 0.9913520812988281
41.1742378686799, -8.613364853954295, 3535, 0.5635372400283813
41.175137475227, -8.613675193079123, 2940, 0.1294824481010437
41.175628322982426, -8.61471770609934, 3280, 0.8046079874038696
41.1752774845809, -8.617309559922877, 4803, 0.2512437403202057
41.17521755089264, -8.617743110407018, 4235, 0.10291910171508789
41.17495379615784, -8.619643279779135, 5733, 0.9857144355773926
#, trajectory num :9
41.15151563545809, -8.61465936906832, 895, 0.031931936740875244
41.15157603627503, -8.614457678212744, 895, 0.1213550716638565
41.15181725474748, -8.613814942817742, 895, 0.443325936794281
41.151877868126476, -8.613802215886667, 895, 0.4753195345401764
41.15353659326568, -8.61344839610958, 896, 0.711894154548645
41.15374639475349, -8.612429468827948, 897, 0.6458240747451782
41.15412598474697, -8.612026497051986, 898, 0.24282020330429077
41.155174985676474, -8.613187797126187, 2216, 0.6322023272514343
41.15579311177067, -8.616375514598337, 1759, 0.6820278167724609
41.15615049557262, -8.618498403187244, 1761, 0.4093973934650421
41.15668156477554, -8.621682858596897, 1762, 0.27744317054748535
41.157029714694474, -8.623708605595, 1763, 0.8832935094833374
41.15756455030327, -8.626677840201923, 1764, 0.5756169557571411
41.15759605309074, -8.626871181179302, 1764, 0.6367794275283813
41.157931154765635, -8.62790760036779, 308, 0.10106432437896729
41.15807298810021, -8.627903077867181, 308, 0.3546234369277954
41.15989632296076, -8.62819718432458, 1255, 0.880966067314148
41.1634954465193, -8.627463650420376, 1257, 0.9890244603157043
41.16349763756102, -8.627462983692233, 1257, 0.9909249544143677
41.1635081, -8.6274598, 1258, 0.0